43
128
160
273
329
329
329
329
329
329
330
352
376
394
413
459
512
595
659
749
835
943
1044
1111
1240
1341
1485
1659
1823
1967
2100
2264
2264
2264
2264
2264
2264
2264
2264
2264
2264
2264
2264
2264
2264
2264
2264
2264
2264
2264
2264
2264
2264
2264
2264
2264
2264
2264
2264
2264
2264
2264
2264
2264
2264
2264
2264
2264
2264
2264
2264
2264
2264
2264
2264
2264
2264
2264
2264
2264
2264
2264
2264
2264
2264
2264
2264
2264
2264
2264
2264
2264
2264
2264
2264
2264
2264
2264
2264
2264
2264
2264
2264
2264
2264
2264
2264
2264
2264
2264
2264
2264
2264
2264
2264
2264
2264
2264
2264
2264
2264
2264
2264
2264
2264
2264
2264
2264
2264
2264
2264
2264
2264
2264
2264
2264
2264
2264
2264
2264
2264
2264
2264
2264
2264
2264
2264
2264
2264
2264
2264
2264
2264
2264
2264
2264
2264
2264
2264
2264
2264
2264
2264
2264
2264
2264
2264
2264
2264
2264
2264
2264
2264
2264
2264
2264
2264
2264
2264
2264
2264
2264
2264
2264
2264
2264
2264
2264
2264
2264
2264
2264
2264
2264
2264
2264
2264
2264
2264
2264
2264
2264
2264
2264
2264
2264
2264
2264
2264
2264
2264
2264
2264
2264
2264
2264
2264
2264
2264
2264
2264
2264
2264
2264
2264
2264
2264
2264
2264
2264
2264
2264
2264
2264
2264
2264
2264
2264
2264
2264
2264
2264
2264
2264
2264
2264
2264
2264
2264
2264
2264
2264
2264
2264
2265
2266
2277
2315
2361
2428
2474
2513
2548
2597
2628
2667
2707
2753
2794
2820
2838
2860
2878
2924
2945
2958
2978
2997
3010
3030
3089
3123
3139
3146
3167
3186
3209
3217
3234
3247
3266
3307
3321
3353
3372
3390
3434
3502
3574
3639
3708
3797
3890
3953
4011
4050
4073
4087
4092
4093
4093
4093
4093
4093
4093
4093
4093
4093
4093
4093
4093
4094
